4.845702089369297028e-03,1.258819131180644035e-03,7.831040620803833008e-01,9.985956549644470215e-01,-3.789935493841767311e-03,-5.282550305128097534e-02,1.360274851322174072e-03,9.802845120429992676e-02,6.756681017577648163e-03,-2.447368018329143524e-02,2.025431841611862183e-01,-1.815188974142074585e-01,-1.417539920657873154e-02,9.487084299325942993e-02,2.065299451351165771e-02,-4.551732272375375032e-04,1.852132827043533325e-01,-2.314026951789855957e-01,-2.572418190538883209e-02,-2.563508599996566772e-02,4.878072813153266907e-02,1.479003727436065674e-01,1.797590032219886780e-02,2.636614739894866943e-01,-6.726886630058288574e-01,1.164503455162048340e+00,9.614349901676177979e-02,4.163658991456031799e-02,4.144216328859329224e-02,-5.807632207870483398e-02,-2.121799588203430176e-01,4.684101641178131104e-01,1.102628827095031738e+00,-4.313674867153167725e-01,1.753515303134918213e-01,-4.471200983971357346e-03
3.857350209727883339e-03,1.109807286411523819e-03,7.832715511322021484e-01,9.986598491668701172e-01,-3.830094821751117706e-03,-5.160098150372505188e-02,1.085660536773502827e-03,9.399732202291488647e-02,7.600935176014900208e-03,-2.424764633178710938e-02,2.022744417190551758e-01,-1.810413151979446411e-01,-1.366397924721240997e-02,9.179940074682235718e-02,2.016232721507549286e-02,-2.254027174785733223e-03,1.850569099187850952e-01,-2.301314622163772583e-01,-2.590946853160858154e-02,-2.366748638451099396e-02,4.747984558343887329e-02,1.493624895811080933e-01,1.481098774820566177e-02,2.617993652820587158e-01,-6.717355847358703613e-01,1.157296895980834961e+00,9.839441627264022827e-02,4.033865779638290405e-02,4.244716465473175049e-02,-6.357688456773757935e-02,-2.124862372875213623e-01,4.653135836124420166e-01,1.101980805397033691e+00,-4.288441538810729980e-01,1.764952540397644043e-01,-3.798658261075615883e-03
2.690745983272790909e-03,8.847601711750030518e-04,7.833468317985534668e-01,9.987397193908691406e-01,-3.808133304119110107e-03,-5.003613606095314026e-02,9.356274968013167381e-04,8.845704048871994019e-02,7.686412427574396133e-03,-2.537798695266246796e-02,2.028374373912811279e-01,-1.795283257961273193e-01,-1.212553959339857101e-02,8.744239062070846558e-02,1.997057162225246429e-02,-3.343943506479263306e-03,1.850065886974334717e-01,-2.288327962160110474e-01,-2.611219324171543121e-02,-2.247844450175762177e-02,4.624298214912414551e-02,1.519071757793426514e-01,1.041869912296533585e-02,2.583487629890441895e-01,-6.709483265876770020e-01,1.149421215057373047e+00,1.038302257657051086e-01,3.720330446958541870e-02,4.446378350257873535e-02,-7.128497958183288574e-02,-2.122071236371994019e-01,4.612120091915130615e-01,1.101568579673767090e+00,-4.252583682537078857e-01,1.783287674188613892e-01,-4.518338479101657867e-03
1.525061670690774918e-03,7.232301868498325348e-04,7.834122776985168457e-01,9.988241195678710938e-01,-3.770797979086637497e-03,-4.833040758967399597e-02,5.475659854710102081e-04,8.258374780416488647e-02,7.506989408284425735e-03,-2.675693109631538391e-02,2.035248577594757080e-01,-1.777889728546142578e-01,-1.043889578431844711e-02,8.235493302345275879e-02,2.008436620235443115e-02,-3.541547106578946114e-03,1.850895285606384277e-01,-2.276329398155212402e-01,-2.629434317350387573e-02,-2.129742875695228577e-02,4.517341777682304382e-02,1.547824740409851074e-01,5.275321193039417267e-03,2.535456418991088867e-01,-6.717002987861633301e-01,1.142749309539794922e+00,1.106337830424308777e-01,3.451204299926757812e-02,4.730045795440673828e-02,-7.999243587255477905e-02,-2.112354189157485962e-01,4.574776887893676758e-01,1.101766347885131836e+00,-4.203585982322692871e-01,1.796399056911468506e-01,-6.304391194134950638e-03
4.196657391730695963e-04,6.522808689624071121e-04,7.834824919700622559e-01,9.989104270935058594e-01,-3.714303718879818916e-03,-4.652053117752075195e-02,1.111132150981575251e-04,7.685529440641403198e-02,7.430578116327524185e-03,-2.733610570430755615e-02,2.036559581756591797e-01,-1.759818345308303833e-01,-9.095181711018085480e-03,7.706911861896514893e-02,2.017574571073055267e-02,-3.105706302449107170e-03,1.850881129503250122e-01,-2.267146408557891846e-01,-2.655324526131153107e-02,-2.021156437695026398e-02,4.444413259625434875e-02,1.577032953500747681e-01,-3.703519178088754416e-04,2.481038719415664673e-01,-6.738402247428894043e-01,1.136669516563415527e+00,1.157332733273506165e-01,3.211595118045806885e-02,5.070518702268600464e-02,-8.803994953632354736e-02,-2.096795141696929932e-01,4.548763930797576904e-01,1.102100610733032227e+00,-4.152115583419799805e-01,1.801577657461166382e-01,-8.221166208386421204e-03
-6.276525091379880905e-04,6.964122876524925232e-04,7.835650444030761719e-01,9.989964962005615234e-01,-3.667091019451618195e-03,-4.463768750429153442e-02,-3.377628745511174202e-04,7.131376862525939941e-02,7.303062826395034790e-03,-2.769110910594463348e-02,2.031204998493194580e-01,-1.739045679569244385e-01,-7.966031320393085480e-03,7.160574942827224731e-02,2.010553330183029175e-02,-2.641928847879171371e-03,1.849202066659927368e-01,-2.257927060127258301e-01,-2.690154872834682465e-02,-1.919425278902053833e-02,4.434692859649658203e-02,1.605474054813385010e-01,-6.376362405717372894e-03,2.424133569002151489e-01,-6.774389147758483887e-01,1.130709886550903320e+00,1.191939115524291992e-01,2.973439171910285950e-02,5.351542681455612183e-02,-9.463006258010864258e-02,-2.075922936201095581e-01,4.543164372444152832e-01,1.102320432662963867e+00,-4.101078808307647705e-01,1.794630587100982666e-01,-1.014666073024272919e-02
-1.526607433333992958e-03,7.791729294694960117e-04,7.836920619010925293e-01,9.990779757499694824e-01,-3.597971517592668533e-03,-4.277690500020980835e-02,-6.722877151332795620e-04,6.601039320230484009e-02,6.953068543225526810e-03,-2.780595235526561737e-02,2.021103352308273315e-01,-1.716783046722412109e-01,-6.897562649101018906e-03,6.621457636356353760e-02,1.980383135378360748e-02,-2.624801592901349068e-03,1.846542060375213623e-01,-2.246404737234115601e-01,-2.719482220709323883e-02,-1.854861341416835785e-02,4.476550593972206116e-02,1.630900651216506958e-01,-1.207624003291130066e-02,2.374693751335144043e-01,-6.815428733825683594e-01,1.125007152557373047e+00,1.218539103865623474e-01,2.692753076553344727e-02,5.572368204593658447e-02,-9.916559606790542603e-02,-2.049939781427383423e-01,4.556392133235931396e-01,1.103039860725402832e+00,-4.069641828536987305e-01,1.772891730070114136e-01,-1.212968397885560989e-02
-2.303329529240727425e-03,8.021204266697168350e-04,7.838061451911926270e-01,9.991567134857177734e-01,-3.497490659356117249e-03,-4.090414568781852722e-02,-7.557612261734902859e-04,6.079199910163879395e-02,6.508379708975553513e-03,-2.783988974988460541e-02,2.007085531949996948e-01,-1.694240272045135498e-01,-6.106740795075893402e-03,6.115685775876045227e-02,1.930898241698741913e-02,-2.911898074671626091e-03,1.842468827962875366e-01,-2.233939468860626221e-01,-2.721734158694744110e-02,-1.836782321333885193e-02,4.545401781797409058e-02,1.652490198612213135e-01,-1.768446713685989380e-02,2.332987040281295776e-01,-6.863182783126831055e-01,1.119765758514404297e+00,1.235485151410102844e-01,2.349367178976535797e-02,5.683349072933197021e-02,-1.016621887683868408e-01,-2.017267644405364990e-01,4.583401679992675781e-01,1.104924440383911133e+00,-4.058374464511871338e-01,1.745929419994354248e-01,-1.330265309661626816e-02
-2.991021610796451569e-03,8.758925250731408596e-04,7.839044928550720215e-01,9.992269277572631836e-01,-3.393936203792691231e-03,-3.916236385703086853e-02,-5.429243319667875767e-04,5.585289373993873596e-02,6.029551848769187927e-03,-2.823217026889324188e-02,1.993945389986038208e-01,-1.674326509237289429e-01,-5.529405083507299423e-03,5.669423937797546387e-02,1.869750209152698517e-02,-3.548484528437256813e-03,1.838453412055969238e-01,-2.221641838550567627e-01,-2.711176313459873199e-02,-1.855473034083843231e-02,4.624423757195472717e-02,1.670458614826202393e-01,-2.258897759020328522e-02,2.301197648048400879e-01,-6.913635134696960449e-01,1.115686416625976562e+00,1.247866600751876831e-01,2.005786634981632233e-02,5.716225877404212952e-02,-1.021871268749237061e-01,-1.977089047431945801e-01,4.627522528171539307e-01,1.107648134231567383e+00,-4.070661664009094238e-01,1.730764955282211304e-01,-1.253495458513498306e-02
-3.450307762250304222e-03,8.357174810953438282e-04,7.839919924736022949e-01,9.992837309837341309e-01,-3.264824626967310905e-03,-3.770036622881889343e-02,-1.002967401291243732e-04,5.179284140467643738e-02,5.499923136085271835e-03,-2.895640209317207336e-02,1.981574147939682007e-01,-1.655663847923278809e-01,-5.246333312243223190e-03,5.310112237930297852e-02,1.798818446695804596e-02,-4.671322181820869446e-03,1.835147142410278320e-01,-2.210914194583892822e-01,-2.679238282144069672e-02,-1.897014304995536804e-02,4.693553224205970764e-02,1.686972230672836304e-01,-2.648602053523063660e-02,2.281302213668823242e-01,-6.957603096961975098e-01,1.113048434257507324e+00,1.255149245262145996e-01,1.776820793747901917e-02,5.712923780083656311e-02,-1.010572910308837891e-01,-1.932941526174545288e-01,4.688215553760528564e-01,1.110941886901855469e+00,-4.104793071746826172e-01,1.729468405246734619e-01,-9.953711181879043579e-03
-3.746973117813467979e-03,8.054270874708890915e-04,7.840627431869506836e-01,9.993250370025634766e-01,-3.144774818792939186e-03,-3.659771755337715149e-02,4.191027546767145395e-04,4.880392178893089294e-02,5.017828196287155151e-03,-2.983247488737106323e-02,1.971958130598068237e-01,-1.639899760484695435e-01,-5.186656024307012558e-03,5.057699233293533325e-02,1.734926179051399231e-02,-6.065726280212402344e-03,1.831119209527969360e-01,-2.201692461967468262e-01,-2.638649009168148041e-02,-1.944241113960742950e-02,4.741711169481277466e-02,1.702585518360137939e-01,-2.927545830607414246e-02,2.275585681200027466e-01,-6.992716193199157715e-01,1.111830949783325195e+00,1.259009838104248047e-01,1.701537705957889557e-02,5.733566731214523315e-02,-9.892390668392181396e-02,-1.892595291137695312e-01,4.750373065471649170e-01,1.113523602485656738e+00,-4.153265357017517090e-01,1.739372313022613525e-01,-6.632162723690271378e-03
-3.894083201885223389e-03,8.068035822361707687e-04,7.840992212295532227e-01,9.993553757667541504e-01,-3.042898839339613914e-03,-3.576018288731575012e-02,8.995615062303841114e-04,4.680898413062095642e-02,4.528382793068885803e-03,-3.069228492677211761e-02,1.966552138328552246e-01,-1.627981066703796387e-01,-5.185886286199092865e-03,4.864246025681495667e-02,1.698094233870506287e-02,-7.081403862684965134e-03,1.830326467752456665e-01,-2.193745821714401245e-01,-2.633121795952320099e-02,-1.994759589433670044e-02,4.769420996308326721e-02,1.716989576816558838e-01,-3.105385042726993561e-02,2.282972037792205811e-01,-7.008876204490661621e-01,1.112132787704467773e+00,1.259212344884872437e-01,1.784430630505084991e-02,5.762159451842308044e-02,-9.666946530342102051e-02,-1.860074996948242188e-01,4.801705181598663330e-01,1.115228176116943359e+00,-4.208438992500305176e-01,1.758017838001251221e-01,-3.676926018670201302e-03
-3.924334421753883362e-03,7.912936271168291569e-04,7.841063141822814941e-01,9.993762969970703125e-01,-2.967051696032285690e-03,-3.516599535942077637e-02,1.228951383382081985e-03,4.554481804370880127e-02,4.105037078261375427e-03,-3.140910342335700989e-02,1.963839828968048096e-01,-1.617414206266403198e-01,-5.136195570230484009e-03,4.730074107646942139e-02,1.690823957324028015e-02,-7.469691801816225052e-03,1.832210719585418701e-01,-2.188623994588851929e-01,-2.649281546473503113e-02,-2.042745798826217651e-02,4.767612367868423462e-02,1.727133542299270630e-01,-3.210627287626266479e-02,2.299872636795043945e-01,-7.008758187294006348e-01,1.113804578781127930e+00,1.254955977201461792e-01,1.937233470380306244e-02,5.825678631663322449e-02,-9.485614299774169922e-02,-1.837978214025497437e-01,4.839691817760467529e-01,1.116287589073181152e+00,-4.243855476379394531e-01,1.776795983314514160e-01,-1.830958062782883644e-03
-3.909038845449686050e-03,7.600989774800837040e-04,7.841202020645141602e-01,9.993926286697387695e-01,-2.933079143986105919e-03,-3.469857946038246155e-02,1.326198456808924675e-03,4.463059082627296448e-02,4.011820536106824875e-03,-3.133619204163551331e-02,1.963339149951934814e-01,-1.609864830970764160e-01,-5.014312453567981720e-03,4.625467583537101746e-02,1.697011478245258331e-02,-7.408334407955408096e-03,1.834960579872131348e-01,-2.183697074651718140e-01,-2.680947631597518921e-02,-2.084878459572792053e-02,4.759432002902030945e-02,1.733055412769317627e-01,-3.250247240066528320e-02,2.323010563850402832e-01,-6.995531916618347168e-01,1.115887165069580078e+00,1.246214881539344788e-01,2.102747373282909393e-02,5.931233614683151245e-02,-9.385031461715698242e-02,-1.826197504997253418e-01,4.867998063564300537e-01,1.117059230804443359e+00,-4.263314306735992432e-01,1.790997236967086792e-01,-7.438403554260730743e-04
-3.856296185404062271e-03,7.320818258449435234e-04,7.841380238533020020e-01,9.994060397148132324e-01,-2.876600716263055801e-03,-3.431811556220054626e-02,1.279774820432066917e-03,4.387689754366874695e-02,3.871038788929581642e-03,-3.106441535055637360e-02,1.964255571365356445e-01,-1.605166196823120117e-01,-4.578256513923406601e-03,4.540864750742912292e-02,1.688632927834987640e-02,-7.299384567886590958e-03,1.837964057922363281e-01,-2.179833352565765381e-01,-2.703364193439483643e-02,-2.124438993632793427e-02,4.753907024860382080e-02,1.737467646598815918e-01,-3.245121985673904419e-02,2.347971498966217041e-01,-6.979293823242187500e-01,1.117901802062988281e+00,1.241167560219764709e-01,2.227918989956378937e-02,6.046625971794128418e-02,-9.341614693403244019e-02,-1.820939928293228149e-01,4.892348349094390869e-01,1.117860913276672363e+00,-4.265443980693817139e-01,1.796664148569107056e-01,-3.898712748195976019e-04
-3.795902943238615990e-03,7.669128826819360256e-04,7.841567993164062500e-01,9.994168877601623535e-01,-2.783010946586728096e-03,-3.401397168636322021e-02,1.116892555728554726e-03,4.334871843457221985e-02,3.552561160176992416e-03,-3.072356060147285461e-02,1.966354399919509888e-01,-1.602157205343246460e-01,-3.955235239118337631e-03,4.465168714523315430e-02,1.672809384763240814e-02,-6.942329928278923035e-03,1.842129379510879517e-01,-2.178345769643783569e-01,-2.740885131061077118e-02,-2.158281020820140839e-02,4.755529761314392090e-02,1.742776930332183838e-01,-3.220556676387786865e-02,2.373612821102142334e-01,-6.961924433708190918e-01,1.119779944419860840e+00,1.240078434348106384e-01,2.316653355956077576e-02,6.151781231164932251e-02,-9.353364259004592896e-02,-1.820461302995681763e-01,4.914589822292327881e-01,1.118893980979919434e+00,-4.264401793479919434e-01,1.799528896808624268e-01,-3.646275436040014029e-04
-3.749758936464786530e-03,8.600617293268442154e-04,7.841565012931823730e-01,9.994257688522338867e-01,-2.706042025238275528e-03,-3.376796469092369080e-02,7.624233257956802845e-04,4.290174692869186401e-02,3.243062645196914673e-03,-3.036474809050559998e-02,1.969306021928787231e-01,-1.601718366146087646e-01,-3.493771888315677643e-03,4.397590085864067078e-02,1.672804728150367737e-02,-6.118672434240579605e-03,1.846265941858291626e-01,-2.179184108972549438e-01,-2.779661677777767181e-02,-2.173448726534843445e-02,4.768888279795646667e-02,1.748077124357223511e-01,-3.236739337444305420e-02,2.398326694965362549e-01,-6.946922540664672852e-01,1.121382355690002441e+00,1.243654116988182068e-01,2.362053655087947845e-02,6.253816932439804077e-02,-9.396667778491973877e-02,-1.822580546140670776e-01,4.931611716747283936e-01,1.120072364807128906e+00,-4.251286387443542480e-01,1.800960898399353027e-01,-4.908429109491407871e-04
-3.711075987666845322e-03,9.612484136596322060e-04,7.841447591781616211e-01,9.994329810142517090e-01,-2.672046655789017677e-03,-3.356397897005081177e-02,2.462986158207058907e-04,4.249973967671394348e-02,3.141043940559029579e-03,-2.948380820453166962e-02,1.973213702440261841e-01,-1.603731513023376465e-01,-3.214680822566151619e-03,4.325799271464347839e-02,1.692020893096923828e-02,-5.088522564619779587e-03,1.850053817033767700e-01,-2.181015312671661377e-01,-2.811986580491065979e-02,-2.176248840987682343e-02,4.792353883385658264e-02,1.753764748573303223e-01,-3.248171508312225342e-02,2.422632724046707153e-01,-6.935345530509948730e-01,1.122410416603088379e+00,1.247800141572952271e-01,2.373512834310531616e-02,6.334385275840759277e-02,-9.480020403861999512e-02,-1.825816184282302856e-01,4.947523474693298340e-01,1.121336460113525391e+00,-4.229831993579864502e-01,1.799330413341522217e-01,-6.706501008011400700e-04
-3.675311338156461716e-03,1.048593549057841301e-03,7.841327786445617676e-01,9.994403123855590820e-01,-2.690841909497976303e-03,-3.334126248955726624e-02,-4.146964056417346001e-04,4.218623414635658264e-02,3.244283609092235565e-03,-2.828121557831764221e-02,1.976412683725357056e-01,-1.606170237064361572e-01,-3.035695292055606842e-03,4.254887253046035767e-02,1.710571907460689545e-02,-4.224934149533510208e-03,1.851574778556823730e-01,-2.179652899503707886e-01,-2.820661850273609161e-02,-2.161319926381111145e-02,4.820301756262779236e-02,1.759319454431533813e-01,-3.246293589472770691e-02,2.445344328880310059e-01,-6.925795078277587891e-01,1.123211741447448730e+00,1.252702325582504272e-01,2.379507385194301605e-02,6.408552080392837524e-02,-9.600789844989776611e-02,-1.828616559505462646e-01,4.960239231586456299e-01,1.122283220291137695e+00,-4.204549193382263184e-01,1.795839518308639526e-01,-8.656783611513674259e-04
-3.673481056466698647e-03,1.124334870837628841e-03,7.841393351554870605e-01,9.994479417800903320e-01,-2.748971804976463318e-03,-3.308744356036186218e-02,-1.182323903776705265e-03,4.183233529329299927e-02,3.562112804502248764e-03,-2.690887264907360077e-02,1.976494342088699341e-01,-1.608375906944274902e-01,-2.883267588913440704e-03,4.188540950417518616e-02,1.733979396522045135e-02,-3.302114782854914665e-03,1.850828230381011963e-01,-2.177807837724685669e-01,-2.814764156937599182e-02,-2.140692435204982758e-02,4.841605573892593384e-02,1.762713044881820679e-01,-3.216067329049110413e-02,2.464072257280349731e-01,-6.919435262680053711e-01,1.123820066452026367e+00,1.253086477518081665e-01,2.369824610650539398e-02,6.454729288816452026e-02,-9.740945696830749512e-02,-1.828962713479995728e-01,4.969644546508789062e-01,1.122755646705627441e+00,-4.177477359771728516e-01,1.787967830896377563e-01,-1.371204620227217674e-03
-3.727420466020703316e-03,1.173182507045567036e-03,7.841384410858154297e-01,9.994567036628723145e-01,-2.817318774759769440e-03,-3.278127685189247131e-02,-1.949036261066794395e-03,4.125311225652694702e-02,4.013732075691223145e-03,-2.547520026564598083e-02,1.973961442708969116e-01,-1.610835641622543335e-01,-2.794720698148012161e-03,4.116880893707275391e-02,1.759706437587738037e-02,-2.125834580510854721e-03,1.847442984580993652e-01,-2.173906117677688599e-01,-2.804928459227085114e-02,-2.137407660484313965e-02,4.838120564818382263e-02,1.764439940452575684e-01,-3.169383108615875244e-02,2.480442672967910767e-01,-6.911913752555847168e-01,1.124284267425537109e+00,1.250989437103271484e-01,2.341909892857074738e-02,6.517678499221801758e-02,-9.907475113868713379e-02,-1.826532334089279175e-01,4.971404671669006348e-01,1.122488260269165039e+00,-4.151300191879272461e-01,1.780204921960830688e-01,-1.714205602183938026e-03
-3.811624832451343536e-03,1.171703916043043137e-03,7.841511368751525879e-01,9.994636774063110352e-01,-2.884697401896119118e-03,-3.250446170568466187e-02,-2.731733722612261772e-03,4.070973768830299377e-02,4.620463121682405472e-03,-2.386522293090820312e-02,1.970640271902084351e-01,-1.612786501646041870e-01,-2.890135860070586205e-03,4.044284671545028687e-02,1.787203364074230194e-02,-9.710787562653422356e-04,1.844377815723419189e-01,-2.170414924621582031e-01,-2.792718075215816498e-02,-2.151579968631267548e-02,4.810067266225814819e-02,1.766999065876007080e-01,-3.124521672725677490e-02,2.493719756603240967e-01,-6.905516386032104492e-01,1.124310731887817383e+00,1.248284131288528442e-01,2.312518283724784851e-02,6.608453392982482910e-02,-1.010004132986068726e-01,-1.822107285261154175e-01,4.967375099658966064e-01,1.121810436248779297e+00,-4.123127460479736328e-01,1.772085726261138916e-01,-2.105113351717591286e-03
-3.770804032683372498e-03,1.028746599331498146e-03,7.841928005218505859e-01,9.994685649871826172e-01,-2.958126831799745560e-03,-3.227307647466659546e-02,-3.494077362120151520e-03,4.028007760643959045e-02,5.255255382508039474e-03,-2.236608415842056274e-02,1.967766433954238892e-01,-1.613200753927230835e-01,-2.896290039643645287e-03,3.969946876168251038e-02,1.819968223571777344e-02,3.766204463317990303e-05,1.841100156307220459e-01,-2.166168838739395142e-01,-2.789921127259731293e-02,-2.174624241888523102e-02,4.769952967762947083e-02,1.769361943006515503e-01,-3.089851513504981995e-02,2.503245472908020020e-01,-6.900698542594909668e-01,1.123996376991271973e+00,1.242983862757682800e-01,2.277912013232707977e-02,6.726054847240447998e-02,-1.028390303254127502e-01,-1.818042844533920288e-01,4.959920048713684082e-01,1.121095180511474609e+00,-4.101828038692474365e-01,1.766413450241088867e-01,-2.254055114462971687e-03
-3.834505798295140266e-03,1.006614300422370434e-03,7.842162847518920898e-01,9.994731545448303223e-01,-3.041949821636080742e-03,-3.204564750194549561e-02,-4.159930627793073654e-03,3.989112004637718201e-02,5.832347553223371506e-03,-2.110499702394008636e-02,1.966878920793533325e-01,-1.613331884145736694e-01,-2.940130420029163361e-03,3.897691890597343445e-02,1.860606297850608826e-02,1.269372645765542984e-03,1.837636977434158325e-01,-2.163266837596893311e-01,-2.795733511447906494e-02,-2.200835943222045898e-02,4.721908271312713623e-02,1.771257668733596802e-01,-3.113582916557788849e-02,2.508382797241210938e-01,-6.900819540023803711e-01,1.123235821723937988e+00,1.237576976418495178e-01,2.257628366351127625e-02,6.833087652921676636e-02,-1.042762249708175659e-01,-1.814047992229461670e-01,4.947830438613891602e-01,1.120570182800292969e+00,-4.085114598274230957e-01,1.761557608842849731e-01,-2.142009092494845390e-03
-3.886896185576915741e-03,1.001719152554869652e-03,7.842220067977905273e-01,9.994769096374511719e-01,-3.113823942840099335e-03,-3.183249756693840027e-02,-4.781223833560943604e-03,3.965181857347488403e-02,6.319904699921607971e-03,-2.014152333140373230e-02,1.965705752372741699e-01,-1.614367216825485229e-01,-3.045317484065890312e-03,3.824819624423980713e-02,1.897978782653808594e-02,2.668603556230664253e-03,1.836197078227996826e-01,-2.160009294748306274e-01,-2.819147892296314240e-02,-2.198118530213832855e-02,4.665140435099601746e-02,1.772391945123672485e-01,-3.151371702551841736e-02,2.508612275123596191e-01,-6.901667118072509766e-01,1.122355103492736816e+00,1.235103532671928406e-01,2.227392792701721191e-02,6.922294199466705322e-02,-1.050010696053504944e-01,-1.810045540332794189e-01,4.933857619762420654e-01,1.120033383369445801e+00,-4.075882434844970703e-01,1.756013184785842896e-01,-2.009765710681676865e-03
-3.910626284778118134e-03,9.889689972624182701e-04,7.842211723327636719e-01,9.994780421257019043e-01,-3.151980228722095490e-03,-3.169849887490272522e-02,-5.376074463129043579e-03,3.967268392443656921e-02,6.718388758599758148e-03,-1.927192881703376770e-02,1.964641362428665161e-01,-1.614822447299957275e-01,-3.188929986208677292e-03,3.752569481730461121e-02,1.925122551620006561e-02,4.047616850584745407e-03,1.838196814060211182e-01,-2.156659066677093506e-01,-2.839254029095172882e-02,-2.157886326313018799e-02,4.604211822152137756e-02,1.774248033761978149e-01,-3.209597617387771606e-02,2.503838241100311279e-01,-6.903274059295654297e-01,1.121527194976806641e+00,1.240838617086410522e-01,2.196185663342475891e-02,6.985870003700256348e-02,-1.053299754858016968e-01,-1.807192713022232056e-01,4.925761222839355469e-01,1.119851350784301758e+00,-4.066337347030639648e-01,1.750913262367248535e-01,-1.689114142209291458e-03
-3.892288310453295708e-03,9.966519428417086601e-04,7.842165231704711914e-01,9.994764328002929688e-01,-3.186816815286874771e-03,-3.163569793105125427e-02,-5.986911244690418243e-03,3.992585092782974243e-02,7.040556054562330246e-03,-1.844378747045993805e-02,1.963109970092773438e-01,-1.614066958427429199e-01,-3.275478258728981018e-03,3.677374497056007385e-02,1.945327408611774445e-02,5.223277024924755096e-03,1.843714863061904907e-01,-2.153613418340682983e-01,-2.849563956260681152e-02,-2.104128152132034302e-02,4.551135748624801636e-02,1.776342540979385376e-01,-3.260597214102745056e-02,2.496706694364547729e-01,-6.902769804000854492e-01,1.120725035667419434e+00,1.258000880479812622e-01,2.169262804090976715e-02,7.035299390554428101e-02,-1.055485904216766357e-01,-1.806624978780746460e-01,4.921650588512420654e-01,1.120113134384155273e+00,-4.060618877410888672e-01,1.748653352260589600e-01,-1.265329541638493538e-03
-3.845151048153638840e-03,1.031178282573819160e-03,7.842005491256713867e-01,9.994746446609497070e-01,-3.228950314223766327e-03,-3.157681226730346680e-02,-6.548241712152957916e-03,4.023759812116622925e-02,7.328246720135211945e-03,-1.751007884740829468e-02,1.961284577846527100e-01,-1.613648533821105957e-01,-3.340216819196939468e-03,3.604529798030853271e-02,1.966124400496482849e-02,6.278440821915864944e-03,1.850464195013046265e-01,-2.152972817420959473e-01,-2.858145162463188171e-02,-2.069432660937309265e-02,4.505690932273864746e-02,1.777708977460861206e-01,-3.312911093235015869e-02,2.489040046930313110e-01,-6.905494928359985352e-01,1.119656801223754883e+00,1.287992298603057861e-01,2.135576494038105011e-02,7.052848488092422485e-02,-1.060747578740119934e-01,-1.808177530765533447e-01,4.922438859939575195e-01,1.120567798614501953e+00,-4.061298966407775879e-01,1.752439290285110474e-01,-7.460078340955078602e-04
-3.805187996476888657e-03,1.107371412217617035e-03,7.841995358467102051e-01,9.994724392890930176e-01,-3.264756174758076668e-03,-3.155717626214027405e-02,-6.954018492251634598e-03,4.079732671380043030e-02,7.452960591763257980e-03,-1.668786071240901947e-02,1.957235783338546753e-01,-1.613243520259857178e-01,-3.415500978007912636e-03,3.558315336704254150e-02,1.971508562564849854e-02,7.001739926636219025e-03,1.856685578823089600e-01,-2.151939421892166138e-01,-2.865388058125972748e-02,-2.060802839696407318e-02,4.461553320288658142e-02,1.777775436639785767e-01,-3.316257521510124207e-02,2.480784952640533447e-01,-6.909543871879577637e-01,1.118854284286499023e+00,1.313416063785552979e-01,2.115276828408241272e-02,7.052274793386459351e-02,-1.063732132315635681e-01,-1.811667233705520630e-01,4.924479722976684570e-01,1.121123909950256348e+00,-4.069533944129943848e-01,1.755357980728149414e-01,-3.593977307900786400e-04
-3.776257159188389778e-03,1.183897140435874462e-03,7.842264175415039062e-01,9.994702339172363281e-01,-3.283668076619505882e-03,-3.154375776648521423e-02,-7.312041241675615311e-03,4.147277399897575378e-02,7.468500174582004547e-03,-1.605394482612609863e-02,1.949791163206100464e-01,-1.611971259117126465e-01,-3.438598010689020157e-03,3.533035889267921448e-02,1.979593746364116669e-02,7.727103307843208313e-03,1.862000823020935059e-01,-2.149601280689239502e-01,-2.883852273225784302e-02,-2.062479220330715179e-02,4.417430981993675232e-02,1.775827109813690186e-01,-3.289867937564849854e-02,2.472241371870040894e-01,-6.916251182556152344e-01,1.118399262428283691e+00,1.340416818857192993e-01,2.074152417480945587e-02,7.053694128990173340e-02,-1.060917079448699951e-01,-1.815623193979263306e-01,4.931423068046569824e-01,1.121626853942871094e+00,-4.091259539127349854e-01,1.759261637926101685e-01,4.607739101629704237e-04
-3.749229479581117630e-03,1.249448861926794052e-03,7.842590808868408203e-01,9.994669556617736816e-01,-3.310073167085647583e-03,-3.155875951051712036e-02,-7.674715481698513031e-03,4.222033917903900146e-02,7.523008156567811966e-03,-1.552981697022914886e-02,1.942345798015594482e-01,-1.611628681421279907e-01,-3.542218357324600220e-03,3.535092622041702271e-02,1.996908709406852722e-02,8.521865122020244598e-03,1.865831166505813599e-01,-2.147241234779357910e-01,-2.901987172663211823e-02,-2.051356993615627289e-02,4.381659626960754395e-02,1.774349510669708252e-01,-3.296067193150520325e-02,2.465565949678421021e-01,-6.924725174903869629e-01,1.117859244346618652e+00,1.368584632873535156e-01,2.030500024557113647e-02,7.045166194438934326e-02,-1.055736020207405090e-01,-1.822750419378280640e-01,4.945006072521209717e-01,1.121614336967468262e+00,-4.110564589500427246e-01,1.759932786226272583e-01,1.889012753963470459e-03
-3.681352362036705017e-03,1.316713751293718815e-03,7.842648029327392578e-01,9.994634985923767090e-01,-3.346642479300498962e-03,-3.158379718661308289e-02,-7.998267188668251038e-03,4.292885959148406982e-02,7.665453944355249405e-03,-1.490564364939928055e-02,1.940221786499023438e-01,-1.614275127649307251e-01,-3.668657969683408737e-03,3.558729588985443115e-02,2.018796093761920929e-02,9.161550551652908325e-03,1.868788897991180420e-01,-2.147404402494430542e-01,-2.926192246377468109e-02,-2.042144350707530975e-02,4.357492551207542419e-02,1.773139983415603638e-01,-3.343546763062477112e-02,2.464062273502349854e-01,-6.937143802642822266e-01,1.117195606231689453e+00,1.392553150653839111e-01,1.999835669994354248e-02,7.002209872007369995e-02,-1.051273271441459656e-01,-1.834670901298522949e-01,4.963637888431549072e-01,1.121148824691772461e+00,-4.134031236171722412e-01,1.760689765214920044e-01,3.369879443198442459e-03
-3.540050005540251732e-03,1.410741009749472141e-03,7.842546105384826660e-01,9.994630813598632812e-01,-3.376328386366367340e-03,-3.154231607913970947e-02,-8.204491809010505676e-03,4.332631826400756836e-02,7.739761844277381897e-03,-1.456461101770401001e-02,1.941715776920318604e-01,-1.616741567850112915e-01,-3.580038202926516533e-03,3.572056442499160767e-02,2.031580358743667603e-02,9.652647189795970917e-03,1.871298104524612427e-01,-2.148072421550750732e-01,-2.943383529782295227e-02,-2.048012614250183105e-02,4.340175911784172058e-02,1.770331263542175293e-01,-3.435668721795082092e-02,2.466864138841629028e-01,-6.955127716064453125e-01,1.116694927215576172e+00,1.407590359449386597e-01,1.983288489282131195e-02,6.968510150909423828e-02,-1.050055772066116333e-01,-1.848235577344894409e-01,4.980186820030212402e-01,1.120994806289672852e+00,-4.161120951175689697e-01,1.762474328279495239e-01,4.557251930236816406e-03
-3.317120485007762909e-03,1.482057734392583370e-03,7.842235565185546875e-01,9.994627833366394043e-01,-3.402632428333163261e-03,-3.151068463921546936e-02,-8.344230242073535919e-03,4.373005777597427368e-02,7.715617306530475616e-03,-1.459350436925888062e-02,1.943897008895874023e-01,-1.619367152452468872e-01,-3.430869430303573608e-03,3.578093647956848145e-02,2.050697617232799530e-02,1.028412580490112305e-02,1.873866915702819824e-01,-2.149750888347625732e-01,-2.944330498576164246e-02,-2.058346942067146301e-02,4.320307075977325439e-02,1.767819970846176147e-01,-3.568626940250396729e-02,2.475426495075225830e-01,-6.974229216575622559e-01,1.116663336753845215e+00,1.422612816095352173e-01,1.992246694862842560e-02,6.976003944873809814e-02,-1.049987599253654480e-01,-1.860249787569046021e-01,4.995330870151519775e-01,1.121476411819458008e+00,-4.194944798946380615e-01,1.769090443849563599e-01,5.274910014122724533e-03
-3.048090729862451553e-03,1.490189926698803902e-03,7.842166423797607422e-01,9.994627237319946289e-01,-3.438759595155715942e-03,-3.149988874793052673e-02,-8.375626057386398315e-03,4.413785785436630249e-02,7.589536719024181366e-03,-1.526338048279285431e-02,1.945675313472747803e-01,-1.622623801231384277e-01,-3.259521676227450371e-03,3.590526804327964783e-02,2.065583132207393646e-02,1.064130384474992752e-02,1.875621825456619263e-01,-2.151409089565277100e-01,-2.935245446860790253e-02,-2.089820057153701782e-02,4.289895296096801758e-02,1.765191107988357544e-01,-3.693805634975433350e-02,2.488339394330978394e-01,-6.989089846611022949e-01,1.117229223251342773e+00,1.444070190191268921e-01,2.025987021625041962e-02,7.007690519094467163e-02,-1.050034239888191223e-01,-1.870582401752471924e-01,5.006800293922424316e-01,1.122252583503723145e+00,-4.230584800243377686e-01,1.778935641050338745e-01,6.404670886695384979e-03
-2.788415644317865372e-03,1.450968557037413120e-03,7.842356562614440918e-01,9.994625449180603027e-01,-3.498119534924626350e-03,-3.152120485901832581e-02,-8.295946754515171051e-03,4.456221312284469604e-02,7.514550350606441498e-03,-1.592575386166572571e-02,1.947535425424575806e-01,-1.626085638999938965e-01,-3.243114100769162178e-03,3.628285974264144897e-02,2.074155770242214203e-02,1.051733363419771194e-02,1.876133084297180176e-01,-2.152799814939498901e-01,-2.913349121809005737e-02,-2.136583998799324036e-02,4.253362491726875305e-02,1.762405633926391602e-01,-3.808654099702835083e-02,2.504726350307464600e-01,-7.002635598182678223e-01,1.118317842483520508e+00,1.472647488117218018e-01,2.036779746413230896e-02,6.994643062353134155e-02,-1.050560474395751953e-01,-1.880867183208465576e-01,5.016973018646240234e-01,1.123070836067199707e+00,-4.270697832107543945e-01,1.787782162427902222e-01,7.440858054906129837e-03
-2.579416381195187569e-03,1.354014151729643345e-03,7.842422127723693848e-01,9.994618892669677734e-01,-3.581438912078738213e-03,-3.155762702226638794e-02,-8.198005147278308868e-03,4.487249627709388733e-02,7.648584898561239243e-03,-1.621687412261962891e-02,1.950443983078002930e-01,-1.630557477474212646e-01,-3.509701928123831749e-03,3.683127835392951965e-02,2.089109271764755249e-02,1.025291346013545990e-02,1.876257807016372681e-01,-2.155365943908691406e-01,-2.895786799490451813e-02,-2.162859402596950531e-02,4.212806373834609985e-02,1.760539412498474121e-01,-3.940018266439437866e-02,2.524165809154510498e-01,-7.016809582710266113e-01,1.119610905647277832e+00,1.504486352205276489e-01,2.024247124791145325e-02,6.946748495101928711e-02,-1.050902903079986572e-01,-1.892384737730026245e-01,5.028008222579956055e-01,1.123928546905517578e+00,-4.304561913013458252e-01,1.789087355136871338e-01,7.971850223839282990e-03
-2.362481551244854927e-03,1.268853782676160336e-03,7.842392325401306152e-01,9.994605779647827148e-01,-3.690719837322831154e-03,-3.161051496863365173e-02,-8.113576099276542664e-03,4.503537714481353760e-02,7.957721129059791565e-03,-1.623526960611343384e-02,1.954166740179061890e-01,-1.636506468057632446e-01,-3.720981301739811897e-03,3.753596544265747070e-02,2.112844772636890411e-02,9.814572520554065704e-03,1.874595582485198975e-01,-2.159225493669509888e-01,-2.882099151611328125e-02,-2.168800123035907745e-02,4.168429598212242126e-02,1.759513318538665771e-01,-4.091072082519531250e-02,2.544131278991699219e-01,-7.036319375038146973e-01,1.120761752128601074e+00,1.526846587657928467e-01,2.006950415670871735e-02,6.913539022207260132e-02,-1.050979942083358765e-01,-1.903818100690841675e-01,5.041177272796630859e-01,1.124266386032104492e+00,-4.331641793251037598e-01,1.784433722496032715e-01,8.110531605780124664e-03
-2.092342358082532883e-03,1.234341994859278202e-03,7.842414975166320801e-01,9.994584918022155762e-01,-3.804183797910809517e-03,-3.168057650327682495e-02,-8.046702481806278229e-03,4.510889202356338501e-02,8.366465568542480469e-03,-1.600566878914833069e-02,1.961976736783981323e-01,-1.644634157419204712e-01,-3.952339291572570801e-03,3.839555010199546814e-02,2.137066982686519623e-02,9.439645335078239441e-03,1.871274262666702271e-01,-2.165125906467437744e-01,-2.889849804341793060e-02,-2.159759961068630219e-02,4.122792184352874756e-02,1.758608669042587280e-01,-4.242318496108055115e-02,2.564714252948760986e-01,-7.057037353515625000e-01,1.121511220932006836e+00,1.542686671018600464e-01,1.980640552937984467e-02,6.932047754526138306e-02,-1.053789779543876648e-01,-1.914577633142471313e-01,5.059487819671630859e-01,1.124136805534362793e+00,-4.359555542469024658e-01,1.779588013887405396e-01,8.762595243752002716e-03
-1.745753455907106400e-03,1.225664978846907616e-03,7.842199802398681641e-01,9.994543194770812988e-01,-3.911198116838932037e-03,-3.180802986025810242e-02,-8.002323098480701447e-03,4.532143101096153259e-02,8.737727068364620209e-03,-1.590982638299465179e-02,1.971758902072906494e-01,-1.655150502920150757e-01,-4.285917151719331741e-03,3.943373262882232666e-02,2.156822942197322845e-02,8.989736437797546387e-03,1.867498308420181274e-01,-2.171701937913894653e-01,-2.909392490983009338e-02,-2.151811681687831879e-02,4.077921435236930847e-02,1.757293939590454102e-01,-4.383002221584320068e-02,2.584503889083862305e-01,-7.074555754661560059e-01,1.122404575347900391e+00,1.559114903211593628e-01,1.944260671734809875e-02,6.958358734846115112e-02,-1.060864776372909546e-01,-1.923535913228988647e-01,5.071606636047363281e-01,1.124141812324523926e+00,-4.384186863899230957e-01,1.777216792106628418e-01,1.007520966231822968e-02
-1.360472408123314381e-03,1.239792094565927982e-03,7.841734886169433594e-01,9.994496107101440430e-01,-4.018737934529781342e-03,-3.194480761885643005e-02,-7.985888980329036713e-03,4.567400366067886353e-02,9.058069437742233276e-03,-1.588936708867549896e-02,1.983125209808349609e-01,-1.665226817131042480e-01,-4.464521538466215134e-03,4.042105749249458313e-02,2.176102250814437866e-02,8.647720329463481903e-03,1.864103823900222778e-01,-2.179545760154724121e-01,-2.938075736165046692e-02,-2.143506333231925964e-02,4.029048606753349304e-02,1.755955219268798828e-01,-4.525382444262504578e-02,2.602823674678802490e-01,-7.093151807785034180e-01,1.123605132102966309e+00,1.573053896427154541e-01,1.930298469960689545e-02,6.987017393112182617e-02,-1.070298105478286743e-01,-1.930802464485168457e-01,5.083281993865966797e-01,1.124017357826232910e+00,-4.413029551506042480e-01,1.778068989515304565e-01,1.146827358752489090e-02
-9.887447813525795937e-04,1.277722651138901711e-03,7.841226458549499512e-01,9.994470477104187012e-01,-4.130874294787645340e-03,-3.202899172902107239e-02,-7.914301007986068726e-03,4.597456753253936768e-02,9.362908080220222473e-03,-1.597613282501697540e-02,1.994202136993408203e-01,-1.675375849008560181e-01,-4.184466321021318436e-03,4.126625880599021912e-02,2.182823233306407928e-02,7.995657622814178467e-03,1.860667914152145386e-01,-2.188173532485961914e-01,-2.953556925058364868e-02,-2.135849930346012115e-02,3.982468694448471069e-02,1.753137260675430298e-01,-4.648509994149208069e-02,2.620081305503845215e-01,-7.108334302902221680e-01,1.124870181083679199e+00,1.588197946548461914e-01,1.927555352449417114e-02,7.009643316268920898e-02,-1.077125519514083862e-01,-1.938684433698654175e-01,5.089976787567138672e-01,1.123536705970764160e+00,-4.437438547611236572e-01,1.778870671987533569e-01,1.267657801508903503e-02
-6.415852112695574760e-04,1.316282199695706367e-03,7.841076850891113281e-01,9.994453787803649902e-01,-4.234485328197479248e-03,-3.211006149649620056e-02,-7.744361180812120438e-03,4.630638659000396729e-02,9.585453197360038757e-03,-1.627798005938529968e-02,2.002425640821456909e-01,-1.684603244066238403e-01,-3.688228316605091095e-03,4.214341938495635986e-02,2.184439264237880707e-02,7.209375035017728806e-03,1.857204735279083252e-01,-2.195737659931182861e-01,-2.959548309445381165e-02,-2.138937637209892273e-02,3.938094526529312134e-02,1.748450547456741333e-01,-4.758537560701370239e-02,2.634938061237335205e-01,-7.119094729423522949e-01,1.126236438751220703e+00,1.602902263402938843e-01,1.931580901145935059e-02,7.031307369470596313e-02,-1.082018315792083740e-01,-1.945492029190063477e-01,5.091273784637451172e-01,1.123016476631164551e+00,-4.457637369632720947e-01,1.777956485748291016e-01,1.388717908412218094e-02
-2.598409191705286503e-04,1.340357121080160141e-03,7.841362357139587402e-01,9.994429349899291992e-01,-4.332798067480325699e-03,-3.222909197211265564e-02,-7.505142129957675934e-03,4.681209102272987366e-02,9.719590656459331512e-03,-1.676400005817413330e-02,2.007967382669448853e-01,-1.691383868455886841e-01,-3.375569591298699379e-03,4.319791495800018311e-02,2.181298285722732544e-02,6.334579084068536758e-03,1.855492442846298218e-01,-2.203482985496520996e-01,-2.952313236892223358e-02,-2.155735716223716736e-02,3.894663974642753601e-02,1.743897944688796997e-01,-4.829672351479530334e-02,2.647787034511566162e-01,-7.125229835510253906e-01,1.127523422241210938e+00,1.618262827396392822e-01,1.938823610544204712e-02,7.078592479228973389e-02,-1.084574088454246521e-01,-1.950061172246932983e-01,5.084475874900817871e-01,1.122425436973571777e+00,-4.469240307807922363e-01,1.774876713752746582e-01,1.445196755230426788e-02
1.957180211320519447e-04,1.339689595624804497e-03,7.841371893882751465e-01,9.994392991065979004e-01,-4.420519806444644928e-03,-3.240219876170158386e-02,-7.182823959738016129e-03,4.749488830566406250e-02,9.781562723219394684e-03,-1.750556938350200653e-02,2.010745555162429810e-01,-1.699640452861785889e-01,-3.295858856290578842e-03,4.453267157077789307e-02,2.172608859837055206e-02,5.425092764198780060e-03,1.853899657726287842e-01,-2.210652977228164673e-01,-2.954022027552127838e-02,-2.162195555865764618e-02,3.853292390704154968e-02,1.740034222602844238e-01,-4.868683591485023499e-02,2.657128870487213135e-01,-7.123587131500244141e-01,1.128448367118835449e+00,1.627000421285629272e-01,1.964291930198669434e-02,7.156173884868621826e-02,-1.084641516208648682e-01,-1.953687667846679688e-01,5.073621273040771484e-01,1.121915578842163086e+00,-4.469155371189117432e-01,1.769889742136001587e-01,1.459403056651353836e-02
6.892446544952690601e-04,1.325647812336683273e-03,7.841184735298156738e-01,9.994337558746337891e-01,-4.484209232032299042e-03,-3.263191506266593933e-02,-6.873677019029855728e-03,4.854587838053703308e-02,9.789368137717247009e-03,-1.795620657503604889e-02,2.011668980121612549e-01,-1.709799021482467651e-01,-3.345082746818661690e-03,4.614578187465667725e-02,2.163756452500820160e-02,4.658000543713569641e-03,1.851937025785446167e-01,-2.217359393835067749e-01,-2.959508448839187622e-02,-2.159496210515499115e-02,3.826770558953285217e-02,1.736470907926559448e-01,-4.845442995429039001e-02,2.661890089511871338e-01,-7.115467786788940430e-01,1.129018783569335938e+00,1.634676456451416016e-01,1.977919600903987885e-02,7.219323515892028809e-02,-1.083299219608306885e-01,-1.956471800804138184e-01,5.062056183815002441e-01,1.121735215187072754e+00,-4.470576643943786621e-01,1.763488203287124634e-01,1.452240068465471268e-02
1.205111504532396793e-03,1.336919143795967102e-03,7.840911746025085449e-01,9.994264841079711914e-01,-4.524417221546173096e-03,-3.291130065917968750e-02,-6.559652741998434067e-03,5.009415373206138611e-02,9.725915268063545227e-03,-1.831928268074989319e-02,2.010617703199386597e-01,-1.720753163099288940e-01,-3.468863200396299362e-03,4.799751192331314087e-02,2.163630910217761993e-02,4.348947666585445404e-03,1.848101317882537842e-01,-2.221203595399856567e-01,-2.966363355517387390e-02,-2.157383039593696594e-02,3.819965943694114685e-02,1.733103990554809570e-01,-4.761169478297233582e-02,2.662017047405242920e-01,-7.101983428001403809e-01,1.129158854484558105e+00,1.640608161687850952e-01,1.984116807579994202e-02,7.304075360298156738e-02,-1.080732345581054688e-01,-1.957733780145645142e-01,5.050458908081054688e-01,1.121688127517700195e+00,-4.481168687343597412e-01,1.758266687393188477e-01,1.460709515959024429e-02
1.691994024440646172e-03,1.361586502753198147e-03,7.840749025344848633e-01,9.994183778762817383e-01,-4.531376995146274567e-03,-3.321747481822967529e-02,-6.246948149055242538e-03,5.172660574316978455e-02,9.590314701199531555e-03,-1.853703893721103668e-02,2.009484022855758667e-01,-1.728692650794982910e-01,-3.657694905996322632e-03,4.985399916768074036e-02,2.170862443745136261e-02,4.323695320636034012e-03,1.843783706426620483e-01,-2.222860455513000488e-01,-2.962132915854454041e-02,-2.154323831200599670e-02,3.827376663684844971e-02,1.730873435735702515e-01,-4.668930545449256897e-02,2.658132016658782959e-01,-7.088248133659362793e-01,1.128877043724060059e+00,1.644770056009292603e-01,1.996652781963348389e-02,7.456585019826889038e-02,-1.078622341156005859e-01,-1.958497464656829834e-01,5.042484998703002930e-01,1.121543407440185547e+00,-4.502177834510803223e-01,1.757903397083282471e-01,1.494156476110219955e-02
2.174486173316836357e-03,1.378164626657962799e-03,7.840694785118103027e-01,9.994093179702758789e-01,-4.519057460129261017e-03,-3.355235606431961060e-02,-5.898944567888975143e-03,5.325340107083320618e-02,9.382080286741256714e-03,-1.895662955939769745e-02,2.009536921977996826e-01,-1.733717918395996094e-01,-3.699638647958636284e-03,5.165103450417518616e-02,2.173266932368278503e-02,4.107455722987651825e-03,1.840723901987075806e-01,-2.223487794399261475e-01,-2.975150011479854584e-02,-2.155577577650547028e-02,3.841250389814376831e-02,1.728272438049316406e-01,-4.553450271487236023e-02,2.649748921394348145e-01,-7.072288393974304199e-01,1.128450751304626465e+00,1.643774360418319702e-01,2.022826485335826874e-02,7.591108977794647217e-02,-1.074011847376823425e-01,-1.960448473691940308e-01,5.033985376358032227e-01,1.121202111244201660e+00,-4.519253969192504883e-01,1.759718954563140869e-01,1.531518902629613876e-02
2.652272582054138184e-03,1.409673946909606457e-03,7.840382456779479980e-01,9.994019269943237305e-01,-4.475592169910669327e-03,-3.384399786591529846e-02,-5.510139744728803635e-03,5.436786636710166931e-02,8.961504325270652771e-03,-1.986864767968654633e-02,2.011436969041824341e-01,-1.736272871494293213e-01,-3.524556756019592285e-03,5.310420319437980652e-02,2.150359004735946655e-02,3.488490357995033264e-03,1.840226054191589355e-01,-2.225605845451354980e-01,-2.977692708373069763e-02,-2.168773300945758820e-02,3.854746371507644653e-02,1.724041551351547241e-01,-4.464468732476234436e-02,2.638722062110900879e-01,-7.060785889625549316e-01,1.128261923789978027e+00,1.643451303243637085e-01,2.038052864372730255e-02,7.607445865869522095e-02,-1.067680791020393372e-01,-1.963966935873031616e-01,5.023084282875061035e-01,1.120813727378845215e+00,-4.520339071750640869e-01,1.759319156408309937e-01,1.524586789309978485e-02
3.120651468634605408e-03,1.456388505175709724e-03,7.839985489845275879e-01,9.993941187858581543e-01,-4.456506576389074326e-03,-3.413568437099456787e-02,-5.128716118633747101e-03,5.537553131580352783e-02,8.570285513997077942e-03,-2.099437639117240906e-02,2.013462483882904053e-01,-1.739037334918975830e-01,-3.349051577970385551e-03,5.430490151047706604e-02,2.125442586839199066e-02,2.719780197367072105e-03,1.843311935663223267e-01,-2.229869961738586426e-01,-2.969898283481597900e-02,-2.183327078819274902e-02,3.873766213655471802e-02,1.720824837684631348e-01,-4.397724196314811707e-02,2.626495659351348877e-01,-7.058039903640747070e-01,1.128320217132568359e+00,1.646502912044525146e-01,2.040527574717998505e-02,7.555803656578063965e-02,-1.061031818389892578e-01,-1.967547386884689331e-01,5.010790824890136719e-01,1.120406627655029297e+00,-4.507515132427215576e-01,1.756073087453842163e-01,1.464306749403476715e-02
3.541513578966259956e-03,1.505017513409256935e-03,7.839398384094238281e-01,9.993866086006164551e-01,-4.464152734726667404e-03,-3.439434245228767395e-02,-4.847846459597349167e-03,5.620766431093215942e-02,8.301574736833572388e-03,-2.189765311777591705e-02,2.016337513923645020e-01,-1.743923574686050415e-01,-3.402828937396407127e-03,5.524490773677825928e-02,2.117585949599742889e-02,2.381812082603573799e-03,1.849537342786788940e-01,-2.234128713607788086e-01,-2.942730858922004700e-02,-2.203968539834022522e-02,3.900755941867828369e-02,1.718777269124984741e-01,-4.336716607213020325e-02,2.612925171852111816e-01,-7.062770724296569824e-01,1.128933906555175781e+00,1.657522171735763550e-01,2.071204595267772675e-02,7.524338364601135254e-02,-1.055527031421661377e-01,-1.969356685876846313e-01,5.003057122230529785e-01,1.120365381240844727e+00,-4.502829313278198242e-01,1.753026098012924194e-01,1.428729295730590820e-02
3.869306296110153198e-03,1.551574910990893841e-03,7.838665246963500977e-01,9.993797540664672852e-01,-4.475155379623174667e-03,-3.461490198969841003e-02,-4.681769758462905884e-03,5.681038275361061096e-02,8.078923448920249939e-03,-2.253887616097927094e-02,2.020615190267562866e-01,-1.750135123729705811e-01,-3.526102984324097633e-03,5.596592649817466736e-02,2.117815054953098297e-02,2.403754508122801781e-03,1.855761706829071045e-01,-2.238303869962692261e-01,-2.911319024860858917e-02,-2.207383140921592712e-02,3.932308033108711243e-02,1.718812435865402222e-01,-4.281555861234664917e-02,2.599963843822479248e-01,-7.074332833290100098e-01,1.129649519920349121e+00,1.672369092702865601e-01,2.113404497504234314e-02,7.539594918489456177e-02,-1.053006201982498169e-01,-1.970345228910446167e-01,5.000246167182922363e-01,1.120413899421691895e+00,-4.510458707809448242e-01,1.752607822418212891e-01,1.417520362883806229e-02
4.110967740416526794e-03,1.579824835062026978e-03,7.838072180747985840e-01,9.993727207183837891e-01,-4.486788529902696609e-03,-3.482647612690925598e-02,-4.605471156537532806e-03,5.726926773786544800e-02,7.928516715764999390e-03,-2.277745865285396576e-02,2.026624381542205811e-01,-1.758745461702346802e-01,-3.604140132665634155e-03,5.657385662198066711e-02,2.109307423233985901e-02,2.327108522877097130e-03,1.861612051725387573e-01,-2.243307083845138550e-01,-2.888363599777221680e-02,-2.191945910453796387e-02,3.964300453662872314e-02,1.721203178167343140e-01,-4.227752983570098877e-02,2.587723731994628906e-01,-7.085607051849365234e-01,1.130315542221069336e+00,1.687885224819183350e-01,2.126126363873481750e-02,7.550508528947830200e-02,-1.054042428731918335e-01,-1.971924006938934326e-01,5.002191066741943359e-01,1.120544195175170898e+00,-4.521186947822570801e-01,1.749559640884399414e-01,1.411504764109849930e-02
4.263816867023706436e-03,1.581295160576701164e-03,7.837816476821899414e-01,9.993654489517211914e-01,-4.500324372202157974e-03,-3.502866253256797791e-02,-4.635454621165990829e-03,5.757616460323333740e-02,7.860829122364521027e-03,-2.281242050230503082e-02,2.032797783613204956e-01,-1.767812520265579224e-01,-3.621379844844341278e-03,5.704829469323158264e-02,2.097649313509464264e-02,2.179353032261133194e-03,1.865785717964172363e-01,-2.246833592653274536e-01,-2.885255403816699982e-02,-2.173279970884323120e-02,3.993869572877883911e-02,1.725249439477920532e-01,-4.192987456917762756e-02,2.574279606342315674e-01,-7.094072103500366211e-01,1.130904674530029297e+00,1.707329601049423218e-01,2.142835780978202820e-02,7.555568963289260864e-02,-1.056905388832092285e-01,-1.972839087247848511e-01,5.005486607551574707e-01,1.120985746383666992e+00,-4.525348246097564697e-01,1.746778339147567749e-01,1.445538550615310669e-02
4.330969415605068207e-03,1.604194287210702896e-03,7.837608456611633301e-01,9.993569254875183105e-01,-4.539345856755971909e-03,-3.525498881936073303e-02,-4.721222445368766785e-03,5.786423385143280029e-02,7.882528007030487061e-03,-2.284251153469085693e-02,2.037156522274017334e-01,-1.774926781654357910e-01,-3.634629771113395691e-03,5.749677121639251709e-02,2.094627544283866882e-02,2.052231226116418839e-03,1.867099106311798096e-01,-2.249063253402709961e-01,-2.886149473488330841e-02,-2.156613394618034363e-02,4.019889608025550842e-02,1.730103194713592529e-01,-4.190684854984283447e-02,2.561360001564025879e-01,-7.101477980613708496e-01,1.131491065025329590e+00,1.723735183477401733e-01,2.175050042569637299e-02,7.531652599573135376e-02,-1.058630570769309998e-01,-1.973226070404052734e-01,5.011200904846191406e-01,1.121581912040710449e+00,-4.517502486705780029e-01,1.743518114089965820e-01,1.531300880014896393e-02
4.321682732552289963e-03,1.666499068960547447e-03,7.837326526641845703e-01,9.993502497673034668e-01,-4.571775440126657486e-03,-3.542968630790710449e-02,-4.790680948644876480e-03,5.803440138697624207e-02,7.908121682703495026e-03,-2.294979803264141083e-02,2.039496451616287231e-01,-1.777177006006240845e-01,-3.581252181902527809e-03,5.784863233566284180e-02,2.089798450469970703e-02,1.795949530787765980e-03,1.866419613361358643e-01,-2.249080240726470947e-01,-2.884267829358577728e-02,-2.143954671919345856e-02,4.026183485984802246e-02,1.734699457883834839e-01,-4.179953411221504211e-02,2.552289962768554688e-01,-7.112918496131896973e-01,1.131809830665588379e+00,1.736956983804702759e-01,2.216660417616367340e-02,7.496482878923416138e-02,-1.059199869632720947e-01,-1.972776204347610474e-01,5.020675659179687500e-01,1.121780157089233398e+00,-4.502748847007751465e-01,1.738069951534271240e-01,1.627152040600776672e-02
4.228843376040458679e-03,1.754867145791649818e-03,7.837406396865844727e-01,9.993454813957214355e-01,-4.600264132022857666e-03,-3.555901348590850830e-02,-4.794124513864517212e-03,5.813699215650558472e-02,7.860005833208560944e-03,-2.323139272630214691e-02,2.040912508964538574e-01,-1.774947047233581543e-01,-3.484436776489019394e-03,5.811611935496330261e-02,2.085912972688674927e-02,1.602980075404047966e-03,1.863191425800323486e-01,-2.246880382299423218e-01,-2.875490300357341766e-02,-2.131618373095989227e-02,4.011578485369682312e-02,1.739877313375473022e-01,-4.193887487053871155e-02,2.547735571861267090e-01,-7.127124071121215820e-01,1.132029891014099121e+00,1.743194460868835449e-01,2.231164462864398956e-02,7.452300190925598145e-02,-1.057261079549789429e-01,-1.972322165966033936e-01,5.032349824905395508e-01,1.121419548988342285e+00,-4.483059942722320557e-01,1.729225814342498779e-01,1.647653989493846893e-02
4.041083157062530518e-03,1.830119173973798752e-03,7.837691903114318848e-01,9.993426799774169922e-01,-4.619118757545948029e-03,-3.562542423605918884e-02,-4.856304731220006943e-03,5.824234336614608765e-02,7.951019331812858582e-03,-2.301611751317977905e-02,2.040402889251708984e-01,-1.772239208221435547e-01,-3.585926722735166550e-03,5.813211575150489807e-02,2.085028216242790222e-02,1.668067998252809048e-03,1.860630810260772705e-01,-2.242417633533477783e-01,-2.868269756436347961e-02,-2.110218256711959839e-02,3.977701812982559204e-02,1.745530664920806885e-01,-4.218713566660881042e-02,2.545613944530487061e-01,-7.139745950698852539e-01,1.131970047950744629e+00,1.751222610473632812e-01,2.272808551788330078e-02,7.460448145866394043e-02,-1.055298000574111938e-01,-1.971140950918197632e-01,5.044094920158386230e-01,1.120631098747253418e+00,-4.468916058540344238e-01,1.723281145095825195e-01,1.612883806228637695e-02
3.779778489843010902e-03,1.883294899016618729e-03,7.837991118431091309e-01,9.993404150009155273e-01,-4.639391321688890457e-03,-3.567847982048988342e-02,-4.931326955556869507e-03,5.825569853186607361e-02,8.087650872766971588e-03,-2.273789979517459869e-02,2.039843350648880005e-01,-1.770683079957962036e-01,-3.767009591683745384e-03,5.796655267477035522e-02,2.085070870816707611e-02,1.798817771486938000e-03,1.859861761331558228e-01,-2.237198501825332642e-01,-2.865372225642204285e-02,-2.104997076094150543e-02,3.924511000514030457e-02,1.752468049526214600e-01,-4.237904772162437439e-02,2.545473873615264893e-01,-7.149651646614074707e-01,1.131666660308837891e+00,1.756118834018707275e-01,2.311545982956886292e-02,7.502045482397079468e-02,-1.057643741369247437e-01,-1.967924833297729492e-01,5.051990151405334473e-01,1.119705200195312500e+00,-4.459691643714904785e-01,1.719204187393188477e-01,1.546516641974449158e-02
3.517855424433946609e-03,1.931734383106231689e-03,7.838113903999328613e-01,9.993371963500976562e-01,-4.664631560444831848e-03,-3.575412556529045105e-02,-5.011147353798151016e-03,5.819153413176536560e-02,8.219332434237003326e-03,-2.254271693527698517e-02,2.039574235677719116e-01,-1.767554283142089844e-01,-3.901225980371236801e-03,5.767867714166641235e-02,2.086199633777141571e-02,1.936457934789359570e-03,1.858522742986679077e-01,-2.230163365602493286e-01,-2.838944643735885620e-02,-2.106318250298500061e-02,3.858998417854309082e-02,1.759617775678634644e-01,-4.240689054131507874e-02,2.546602189540863037e-01,-7.158483862876892090e-01,1.131232261657714844e+00,1.752931773662567139e-01,2.349349111318588257e-02,7.524108141660690308e-02,-1.058815494179725647e-01,-1.964652389287948608e-01,5.060092210769653320e-01,1.118832707405090332e+00,-4.463825821876525879e-01,1.715708822011947632e-01,1.509195845574140549e-02
3.237664233893156052e-03,1.986301271244883537e-03,7.838277816772460938e-01,9.993306994438171387e-01,-4.697082098573446274e-03,-3.591545298695564270e-02,-5.123416893184185028e-03,5.803282558917999268e-02,8.378135040402412415e-03,-2.241549082100391388e-02,2.041318714618682861e-01,-1.764483600854873657e-01,-3.847072832286357880e-03,5.746499821543693542e-02,2.091118507087230682e-02,2.026063390076160431e-03,1.857579052448272705e-01,-2.222207337617874146e-01,-2.812818996608257294e-02,-2.112367562949657440e-02,3.781032562255859375e-02,1.768464297056198120e-01,-4.227001965045928955e-02,2.547879517078399658e-01,-7.166523337364196777e-01,1.130912542343139648e+00,1.747338473796844482e-01,2.390221878886222839e-02,7.512352615594863892e-02,-1.058352217078208923e-01,-1.960658729076385498e-01,5.066016316413879395e-01,1.117878913879394531e+00,-4.469164311885833740e-01,1.714645475149154663e-01,1.560228317975997925e-02
2.931156661361455917e-03,2.037455094978213310e-03,7.838380336761474609e-01,9.993228912353515625e-01,-4.734996240586042404e-03,-3.611415624618530273e-02,-5.213316064327955246e-03,5.769627541303634644e-02,8.394528180360794067e-03,-2.264078147709369659e-02,2.045481353998184204e-01,-1.761795729398727417e-01,-3.617760492488741875e-03,5.717454850673675537e-02,2.095728367567062378e-02,2.185131656005978584e-03,1.857137978076934814e-01,-2.213159203529357910e-01,-2.800993248820304871e-02,-2.117917686700820923e-02,3.698495402932167053e-02,1.776847541332244873e-01,-4.203870519995689392e-02,2.548061013221740723e-01,-7.167318463325500488e-01,1.130762815475463867e+00,1.744534373283386230e-01,2.417385019361972809e-02,7.491728663444519043e-02,-1.056300923228263855e-01,-1.955308318138122559e-01,5.067889094352722168e-01,1.117286324501037598e+00,-4.479834735393524170e-01,1.716285049915313721e-01,1.711078174412250519e-02
2.598723629489541054e-03,2.088098786771297455e-03,7.838491201400756836e-01,9.993159770965576172e-01,-4.786432255059480667e-03,-3.628778457641601562e-02,-5.276939831674098969e-03,5.724760890007019043e-02,8.351944386959075928e-03,-2.296768873929977417e-02,2.049502879381179810e-01,-1.760073900222778320e-01,-3.386184806004166603e-03,5.676871910691261292e-02,2.108903601765632629e-02,2.691368339583277702e-03,1.858738660812377930e-01,-2.204252481460571289e-01,-2.805605530738830566e-02,-2.123506739735603333e-02,3.616695478558540344e-02,1.784217655658721924e-01,-4.167835414409637451e-02,2.547063529491424561e-01,-7.162099480628967285e-01,1.131086587905883789e+00,1.743028759956359863e-01,2.437831833958625793e-02,7.492162287235260010e-02,-1.053689196705818176e-01,-1.948345601558685303e-01,5.067527294158935547e-01,1.116766691207885742e+00,-4.492350518703460693e-01,1.718974858522415161e-01,1.871123723685741425e-02
2.258242806419730186e-03,2.160778502002358437e-03,7.838525772094726562e-01,9.993096590042114258e-01,-4.833670333027839661e-03,-3.643240407109260559e-02,-5.433244165033102036e-03,5.701193213462829590e-02,8.304529823362827301e-03,-2.312928624451160431e-02,2.052043378353118896e-01,-1.757066249847412109e-01,-3.097429405897855759e-03,5.623434111475944519e-02,2.128149196505546570e-02,3.643871983513236046e-03,1.861460506916046143e-01,-2.197199910879135132e-01,-2.810111641883850098e-02,-2.116690389811992645e-02,3.532011061906814575e-02,1.791029274463653564e-01,-4.132075235247612000e-02,2.544480264186859131e-01,-7.156987190246582031e-01,1.131767988204956055e+00,1.729968190193176270e-01,2.482146956026554108e-02,7.518721371889114380e-02,-1.049434393644332886e-01,-1.941036283969879150e-01,5.067530274391174316e-01,1.116233110427856445e+00,-4.500216543674468994e-01,1.722403019666671753e-01,2.008096873760223389e-02
1.929215155541896820e-03,2.249997574836015701e-03,7.838559150695800781e-01,9.993053078651428223e-01,-4.849216900765895844e-03,-3.649661689996719360e-02,-5.778274498879909515e-03,5.689608305692672729e-02,8.357962593436241150e-03,-2.263843826949596405e-02,2.053136229515075684e-01,-1.752313822507858276e-01,-3.067622194066643715e-03,5.542936548590660095e-02,2.139035612344741821e-02,4.781726282089948654e-03,1.867178231477737427e-01,-2.191121578216552734e-01,-2.812456525862216949e-02,-2.099729701876640320e-02,3.447055444121360779e-02,1.795969009399414062e-01,-4.087325185537338257e-02,2.539721429347991943e-01,-7.153818011283874512e-01,1.132599949836730957e+00,1.717935204505920410e-01,2.539650909602642059e-02,7.537665218114852905e-02,-1.045703589916229248e-01,-1.936764270067214966e-01,5.068434476852416992e-01,1.115397453308105469e+00,-4.510436952114105225e-01,1.720931679010391235e-01,2.062094397842884064e-02
1.568868989124894142e-03,2.347985981032252312e-03,7.838503718376159668e-01,9.993010759353637695e-01,-4.874844569712877274e-03,-3.653356432914733887e-02,-6.231463979929685593e-03,5.671126022934913635e-02,8.415164425969123840e-03,-2.194906026124954224e-02,2.056170254945755005e-01,-1.749186813831329346e-01,-2.926224144175648689e-03,5.452631786465644836e-02,2.150087431073188782e-02,5.772743374109268188e-03,1.876155287027359009e-01,-2.188515812158584595e-01,-2.815032750368118286e-02,-2.088863588869571686e-02,3.363600000739097595e-02,1.800037771463394165e-01,-4.049036651849746704e-02,2.532587051391601562e-01,-7.151499390602111816e-01,1.133713722229003906e+00,1.706520766019821167e-01,2.591317147016525269e-02,7.486839592456817627e-02,-1.043548062443733215e-01,-1.933749169111251831e-01,5.070800781250000000e-01,1.114691138267517090e+00,-4.524385631084442139e-01,1.715671867132186890e-01,2.079463005065917969e-02
1.197205740027129650e-03,2.430001273751258850e-03,7.838445305824279785e-01,9.992963075637817383e-01,-4.915830213576555252e-03,-3.658607229590415955e-02,-6.645696703344583511e-03,5.648167431354522705e-02,8.497061207890510559e-03,-2.121833339333534241e-02,2.059304267168045044e-01,-1.748161017894744873e-01,-2.909224480390548706e-03,5.378156900405883789e-02,2.157962881028652191e-02,6.513474043458700180e-03,1.885343343019485474e-01,-2.189453691244125366e-01,-2.816460840404033661e-02,-2.100963704288005829e-02,3.289484605193138123e-02,1.804217100143432617e-01,-4.000655189156532288e-02,2.524873614311218262e-01,-7.149233222007751465e-01,1.134878993034362793e+00,1.696540266275405884e-01,2.600064128637313843e-02,7.388797402381896973e-02,-1.042430922389030457e-01,-1.931200325489044189e-01,5.073697566986083984e-01,1.114334344863891602e+00,-4.538228213787078857e-01,1.707567721605300903e-01,2.027710340917110443e-02
8.298571920022368431e-04,2.513195853680372238e-03,7.838435173034667969e-01,9.992915987968444824e-01,-4.952403716742992401e-03,-3.664385154843330383e-02,-6.999449338763952255e-03,5.620345100760459900e-02,8.580310270190238953e-03,-2.039984613656997681e-02,2.060539871454238892e-01,-1.748182177543640137e-01,-2.856952371075749397e-03,5.313621088862419128e-02,2.150412648916244507e-02,6.784738972783088684e-03,1.892788410186767578e-01,-2.191008180379867554e-01,-2.813948690891265869e-02,-2.118016779422760010e-02,3.228735178709030151e-02,1.809176504611968994e-01,-3.952157869935035706e-02,2.517967820167541504e-01,-7.152702808380126953e-01,1.135721564292907715e+00,1.693183183670043945e-01,2.583122067153453827e-02,7.294397056102752686e-02,-1.041584536433219910e-01,-1.931172013282775879e-01,5.081642866134643555e-01,1.113849878311157227e+00,-4.553469121456146240e-01,1.699193120002746582e-01,1.935960724949836731e-02
5.235237185843288898e-04,2.605316229164600372e-03,7.838545441627502441e-01,9.992863535881042480e-01,-4.987305961549282074e-03,-3.669954091310501099e-02,-7.417739368975162506e-03,5.591616407036781311e-02,8.627752773463726044e-03,-1.963990367949008942e-02,2.059531062841415405e-01,-1.748044639825820923e-01,-2.803637180477380753e-03,5.235349386930465698e-02,2.143952809274196625e-02,7.066258229315280914e-03,1.900477558374404907e-01,-2.191365659236907959e-01,-2.818168140947818756e-02,-2.133464254438877106e-02,3.177415952086448669e-02,1.813932359218597412e-01,-3.928044438362121582e-02,2.511514425277709961e-01,-7.155295014381408691e-01,1.136180877685546875e+00,1.693257093429565430e-01,2.577768266201019287e-02,7.214742898941040039e-02,-1.041496098041534424e-01,-1.931912899017333984e-01,5.086935162544250488e-01,1.113389968872070312e+00,-4.553299248218536377e-01,1.692865788936614990e-01,1.851555518805980682e-02
2.592345117591321468e-04,2.709650900214910507e-03,7.838694453239440918e-01,9.992821216583251953e-01,-5.007561296224594116e-03,-3.672542050480842590e-02,-7.842991501092910767e-03,5.547758191823959351e-02,8.536131121218204498e-03,-1.907369308173656464e-02,2.057369053363800049e-01,-1.746421307325363159e-01,-2.565705683082342148e-03,5.136064440011978149e-02,2.141371928155422211e-02,7.514966186136007309e-03,1.907652914524078369e-01,-2.190660685300827026e-01,-2.820454910397529602e-02,-2.145716547966003418e-02,3.124853782355785370e-02,1.817101091146469116e-01,-3.940255939960479736e-02,2.505281865596771240e-01,-7.157418727874755859e-01,1.136477470397949219e+00,1.691247969865798950e-01,2.551843412220478058e-02,7.159248739480972290e-02,-1.040069758892059326e-01,-1.931999325752258301e-01,5.094465613365173340e-01,1.113342523574829102e+00,-4.537392258644104004e-01,1.686427295207977295e-01,1.778521761298179626e-02
-2.488814061507582664e-05,2.845929237082600594e-03,7.838838696479797363e-01,9.992787837982177734e-01,-4.991171881556510925e-03,-3.674130514264106750e-02,-8.187765255570411682e-03,5.509071797132492065e-02,8.345564827322959900e-03,-1.843418926000595093e-02,2.054419815540313721e-01,-1.742771565914154053e-01,-2.142278011888265610e-03,5.057112872600555420e-02,2.127156779170036316e-02,8.037595078349113464e-03,1.912441849708557129e-01,-2.189854830503463745e-01,-2.822248078882694244e-02,-2.171196974813938141e-02,3.070550411939620972e-02,1.819298118352890015e-01,-3.968320414423942566e-02,2.500658631324768066e-01,-7.158085107803344727e-01,1.136466741561889648e+00,1.686098426580429077e-01,2.517372742295265198e-02,7.124312222003936768e-02,-1.037614718079566956e-01,-1.932697147130966187e-01,5.103533864021301270e-01,1.113597273826599121e+00,-4.520898759365081787e-01,1.682456284761428833e-01,1.679653674364089966e-02
-3.481069579720497131e-04,2.970203990116715431e-03,7.838700413703918457e-01,9.992753267288208008e-01,-4.973881877958774567e-03,-3.673537448048591614e-02,-8.639154024422168732e-03,5.461244657635688782e-02,8.271982893347740173e-03,-1.771051995456218719e-02,2.051417529582977295e-01,-1.738389432430267334e-01,-1.817050622776150703e-03,4.977889358997344971e-02,2.119476534426212311e-02,8.651987649500370026e-03,1.916556805372238159e-01,-2.187790572643280029e-01,-2.836110815405845642e-02,-2.190896682441234589e-02,3.012247756123542786e-02,1.820928752422332764e-01,-4.020806774497032166e-02,2.497189939022064209e-01,-7.155464291572570801e-01,1.136229753494262695e+00,1.682614088058471680e-01,2.479894086718559265e-02,7.082445919513702393e-02,-1.034919321537017822e-01,-1.934242695569992065e-01,5.116030573844909668e-01,1.114205002784729004e+00,-4.510859847068786621e-01,1.677884906530380249e-01,1.622140407562255859e-02
-7.346274796873331070e-04,3.065315075218677521e-03,7.838816046714782715e-01,9.992703199386596680e-01,-4.982205573469400406e-03,-3.675873577594757080e-02,-9.101727046072483063e-03,5.443717911839485168e-02,8.356570266187191010e-03,-1.692731678485870361e-02,2.048569470643997192e-01,-1.732682436704635620e-01,-1.493553398177027702e-03,4.915857687592506409e-02,2.133784629404544830e-02,9.500009007751941681e-03,1.918395906686782837e-01,-2.184062153100967407e-01,-2.840858325362205505e-02,-2.197566255927085876e-02,2.955887280404567719e-02,1.823460608720779419e-01,-4.115736857056617737e-02,2.493508756160736084e-01,-7.149063348770141602e-01,1.136062145233154297e+00,1.683094948530197144e-01,2.457243576645851135e-02,7.121038436889648438e-02,-1.033601537346839905e-01,-1.935007125139236450e-01,5.130351185798645020e-01,1.115074872970581055e+00,-4.522153139114379883e-01,1.679897904396057129e-01,1.635440066456794739e-02
-1.151988166384398937e-03,3.115683328360319138e-03,7.839419841766357422e-01,9.992676973342895508e-01,-5.020880606025457382e-03,-3.670781105756759644e-02,-9.558133780956268311e-03,5.412979423999786377e-02,8.628062903881072998e-03,-1.596114784479141235e-02,2.046643644571304321e-01,-1.725819408893585205e-01,-1.302315853536128998e-03,4.827042296528816223e-02,2.158568426966667175e-02,1.042501721531152725e-02,1.918685585260391235e-01,-2.177075445652008057e-01,-2.845747768878936768e-02,-2.194989472627639771e-02,2.905697003006935120e-02,1.824726015329360962e-01,-4.226401448249816895e-02,2.490997314453125000e-01,-7.143048644065856934e-01,1.135644435882568359e+00,1.681313961744308472e-01,2.432100661098957062e-02,7.237281650304794312e-02,-1.035023257136344910e-01,-1.936845332384109497e-01,5.146642327308654785e-01,1.115943312644958496e+00,-4.545858204364776611e-01,1.682163178920745850e-01,1.683246903121471405e-02
-1.585351303219795227e-03,3.134544240310788155e-03,7.840033173561096191e-01,9.992658495903015137e-01,-5.074602551758289337e-03,-3.665507584810256958e-02,-9.915397502481937408e-03,5.374837294220924377e-02,9.011259302496910095e-03,-1.504043396562337875e-02,2.047252804040908813e-01,-1.719918847084045410e-01,-1.140309730544686317e-03,4.743814468383789062e-02,2.175881713628768921e-02,1.114117261022329330e-02,1.918299496173858643e-01,-2.169495820999145508e-01,-2.861168235540390015e-02,-2.187244594097137451e-02,2.850122749805450439e-02,1.826747208833694458e-01,-4.330783709883689880e-02,2.489837110042572021e-01,-7.133510708808898926e-01,1.134860754013061523e+00,1.674929559230804443e-01,2.408891543745994568e-02,7.362136244773864746e-02,-1.039571240544319153e-01,-1.940575540065765381e-01,5.165269374847412109e-01,1.116621732711791992e+00,-4.582898616790771484e-01,1.682846397161483765e-01,1.755234971642494202e-02
-2.028237096965312958e-03,3.140330314636230469e-03,7.840380668640136719e-01,9.992640614509582520e-01,-5.137973930686712265e-03,-3.661363199353218079e-02,-1.021656766533851624e-02,5.305832996964454651e-02,9.428034536540508270e-03,-1.431993115693330765e-02,2.051084786653518677e-01,-1.715931296348571777e-01,-1.045837765559554100e-03,4.668199643492698669e-02,2.188891917467117310e-02,1.160298474133014679e-02,1.918445825576782227e-01,-2.162545472383499146e-01,-2.876377664506435394e-02,-2.190456725656986237e-02,2.782070450484752655e-02,1.830065995454788208e-01,-4.420553147792816162e-02,2.488457262516021729e-01,-7.125986218452453613e-01,1.133794546127319336e+00,1.660276055335998535e-01,2.379047311842441559e-02,7.472664117813110352e-02,-1.047046631574630737e-01,-1.945549845695495605e-01,5.182404518127441406e-01,1.117002367973327637e+00,-4.619682729244232178e-01,1.681128293275833130e-01,1.804256439208984375e-02
-2.487370977178215981e-03,3.198581980541348457e-03,7.840320467948913574e-01,9.992614984512329102e-01,-5.196888931095600128e-03,-3.660320863127708435e-02,-1.047212444245815277e-02,5.223171412944793701e-02,9.767439216375350952e-03,-1.386785507202148438e-02,2.057060450315475464e-01,-1.714611947536468506e-01,-9.433732484467327595e-04,4.603094607591629028e-02,2.209309116005897522e-02,1.191597059369087219e-02,1.920702904462814331e-01,-2.156728655099868774e-01,-2.884399704635143280e-02,-2.194320410490036011e-02,2.704888209700584412e-02,1.834747195243835449e-01,-4.476409032940864563e-02,2.484725266695022583e-01,-7.117445468902587891e-01,1.132753849029541016e+00,1.644295006990432739e-01,2.327620238065719604e-02,7.586976885795593262e-02,-1.054344698786735535e-01,-1.949310898780822754e-01,5.195012688636779785e-01,1.116846084594726562e+00,-4.644856750965118408e-01,1.680710464715957642e-01,1.828636601567268372e-02
-2.955991076305508614e-03,3.283136291429400444e-03,7.840048670768737793e-01,9.992604255676269531e-01,-5.237122066318988800e-03,-3.659467026591300964e-02,-1.058322191238403320e-02,5.136887729167938232e-02,9.906187653541564941e-03,-1.392239518463611603e-02,2.061654329299926758e-01,-1.713419556617736816e-01,-8.167306077666580677e-04,4.548868164420127869e-02,2.230239659547805786e-02,1.197741087526082993e-02,1.921176314353942871e-01,-2.151029109954833984e-01,-2.908362261950969696e-02,-2.197552472352981567e-02,2.630966342985630035e-02,1.841442435979843140e-01,-4.493486508727073669e-02,2.477775216102600098e-01,-7.107743620872497559e-01,1.131660342216491699e+00,1.639721095561981201e-01,2.256537601351737976e-02,7.678983360528945923e-02,-1.058373823761940002e-01,-1.951566040515899658e-01,5.200160741806030273e-01,1.115936756134033203e+00,-4.649099409580230713e-01,1.682341098785400391e-01,1.833270303905010223e-02
-3.474303055554628372e-03,3.369911340996623039e-03,7.839958071708679199e-01,9.992610216140747070e-01,-5.253640003502368927e-03,-3.654684871435165405e-02,-1.068452186882495880e-02,5.026568844914436340e-02,9.871199727058410645e-03,-1.411185413599014282e-02,2.063979357481002808e-01,-1.710307747125625610e-01,-6.924516637809574604e-04,4.469833150506019592e-02,2.243647910654544830e-02,1.205884385854005814e-02,1.920010596513748169e-01,-2.145064920186996460e-01,-2.921953424811363220e-02,-2.186896651983261108e-02,2.571010217070579529e-02,1.848523914813995361e-01,-4.537140950560569763e-02,2.468538284301757812e-01,-7.093720436096191406e-01,1.130514979362487793e+00,1.631123572587966919e-01,2.158260531723499298e-02,7.763712108135223389e-02,-1.057034730911254883e-01,-1.953339278697967529e-01,5.197906494140625000e-01,1.114453792572021484e+00,-4.627465903759002686e-01,1.682780534029006958e-01,1.802916452288627625e-02
-4.026814363896846771e-03,3.453267738223075867e-03,7.840257287025451660e-01,9.992637038230895996e-01,-5.244466476142406464e-03,-3.647622093558311462e-02,-1.067646592855453491e-02,4.899178445339202881e-02,9.514492936432361603e-03,-1.456474140286445618e-02,2.066027820110321045e-01,-1.706028133630752563e-01,-3.115183790214359760e-04,4.353125765919685364e-02,2.236192487180233002e-02,1.191465090960264206e-02,1.921284347772598267e-01,-2.138475328683853149e-01,-2.914997935295104980e-02,-2.183200232684612274e-02,2.525657229125499725e-02,1.854458898305892944e-01,-4.585070163011550903e-02,2.456745207309722900e-01,-7.082332968711853027e-01,1.129735112190246582e+00,1.623788774013519287e-01,2.036372199654579163e-02,7.824172079563140869e-02,-1.050339341163635254e-01,-1.953836679458618164e-01,5.192994475364685059e-01,1.112438678741455078e+00,-4.596459567546844482e-01,1.682625412940979004e-01,1.708824001252651215e-02
-4.562851972877979279e-03,3.486126195639371872e-03,7.840631604194641113e-01,9.992665052413940430e-01,-5.227328278124332428e-03,-3.642941638827323914e-02,-1.058545801788568497e-02,4.791177436709403992e-02,9.158747270703315735e-03,-1.493930164724588394e-02,2.064924538135528564e-01,-1.700656712055206299e-01,5.177013918000739068e-06,4.234824329614639282e-02,2.217536233365535736e-02,1.160565763711929321e-02,1.924443095922470093e-01,-2.132576853036880493e-01,-2.898988686501979828e-02,-2.180033363401889801e-02,2.494696527719497681e-02,1.859341114759445190e-01,-4.599171504378318787e-02,2.443817406892776489e-01,-7.079628705978393555e-01,1.129545688629150391e+00,1.612516343593597412e-01,1.929845288395881653e-02,7.869967073202133179e-02,-1.041905954480171204e-01,-1.952921897172927856e-01,5.192702412605285645e-01,1.110530614852905273e+00,-4.568519294261932373e-01,1.682438850402832031e-01,1.616385951638221741e-02
-5.084947682917118073e-03,3.505882807075977325e-03,7.840968966484069824e-01,9.992688894271850586e-01,-5.203397013247013092e-03,-3.639681264758110046e-02,-1.048385724425315857e-02,4.716303944587707520e-02,8.905469439923763275e-03,-1.531725376844406128e-02,2.060219347476959229e-01,-1.692033261060714722e-01,3.018842835444957018e-04,4.140480980277061462e-02,2.193467319011688232e-02,1.133664418011903763e-02,1.929190009832382202e-01,-2.126698195934295654e-01,-2.879392541944980621e-02,-2.199642360210418701e-02,2.481862343847751617e-02,1.864472478628158569e-01,-4.569191113114356995e-02,2.431398332118988037e-01,-7.089891433715820312e-01,1.129547238349914551e+00,1.610512137413024902e-01,1.860110461711883545e-02,7.876364141702651978e-02,-1.035068929195404053e-01,-1.950429975986480713e-01,5.201476812362670898e-01,1.109435558319091797e+00,-4.541355669498443604e-01,1.682746857404708862e-01,1.554084289819002151e-02
-5.554786883294582367e-03,3.570180386304855347e-03,7.841311693191528320e-01,9.992711544036865234e-01,-5.161120090633630753e-03,-3.638015687465667725e-02,-1.034457422792911530e-02,4.685210436582565308e-02,8.669493719935417175e-03,-1.573855429887771606e-02,2.052049636840820312e-01,-1.680183559656143188e-01,4.757866845466196537e-04,4.064388200640678406e-02,2.175205387175083160e-02,1.128629222512245178e-02,1.933004558086395264e-01,-2.119709998369216919e-01,-2.871723659336566925e-02,-2.225409075617790222e-02,2.485444396734237671e-02,1.869930326938629150e-01,-4.504228383302688599e-02,2.420526742935180664e-01,-7.108767628669738770e-01,1.129480838775634766e+00,1.607605069875717163e-01,1.847537234425544739e-02,7.854003459215164185e-02,-1.030854061245918274e-01,-1.947327852249145508e-01,5.214549899101257324e-01,1.109092831611633301e+00,-4.533052444458007812e-01,1.685854345560073853e-01,1.537584699690341949e-02
-5.983299575746059418e-03,3.683827351778745651e-03,7.841701507568359375e-01,9.992756247520446777e-01,-5.095539148896932602e-03,-3.634023666381835938e-02,-1.008748728781938553e-02,4.635618254542350769e-02,8.348371833562850952e-03,-1.635812409222126007e-02,2.042796015739440918e-01,-1.666687428951263428e-01,8.689062669873237610e-04,3.996826708316802979e-02,2.147548086941242218e-02,1.096829306334257126e-02,1.935473978519439697e-01,-2.114349454641342163e-01,-2.871353365480899811e-02,-2.251750044524669647e-02,2.498256415128707886e-02,1.876837462186813354e-01,-4.447709769010543823e-02,2.412575781345367432e-01,-7.126877307891845703e-01,1.129184484481811523e+00,1.601522415876388550e-01,1.869799569249153137e-02,7.848013937473297119e-02,-1.029013171792030334e-01,-1.944761425256729126e-01,5.227981209754943848e-01,1.109883069992065430e+00,-4.508395791053771973e-01,1.685384064912796021e-01,1.537712290883064270e-02
-6.377595476806163788e-03,3.847075626254081726e-03,7.842053771018981934e-01,9.992800951004028320e-01,-5.037453956902027130e-03,-3.631194308400154114e-02,-9.766231290996074677e-03,4.576573148369789124e-02,7.941721007227897644e-03,-1.720820739865303040e-02,2.033558040857315063e-01,-1.651736944913864136e-01,1.294648041948676109e-03,3.943581134080886841e-02,2.129980176687240601e-02,1.065856590867042542e-02,1.936677843332290649e-01,-2.111298143863677979e-01,-2.891170606017112732e-02,-2.279267646372318268e-02,2.526058442890644073e-02,1.886306256055831909e-01,-4.393042251467704773e-02,2.408775389194488525e-01,-7.140693068504333496e-01,1.128662347793579102e+00,1.594075411558151245e-01,1.902037672698497772e-02,7.848831266164779663e-02,-1.028173118829727173e-01,-1.943823546171188354e-01,5.240536928176879883e-01,1.111308574676513672e+00,-4.490275084972381592e-01,1.683660447597503662e-01,1.564951613545417786e-02
-6.784983910620212555e-03,3.999310079962015152e-03,7.842423319816589355e-01,9.992840886116027832e-01,-4.976687487214803696e-03,-3.630888834595680237e-02,-9.397458285093307495e-03,4.489176347851753235e-02,7.355364039540290833e-03,-1.834177225828170776e-02,2.026505768299102783e-01,-1.637593656778335571e-01,1.749539631418883801e-03,3.894035890698432922e-02,2.123734913766384125e-02,1.050852425396442413e-02,1.939043104648590088e-01,-2.110083997249603271e-01,-2.944078855216503143e-02,-2.318823337554931641e-02,2.554409205913543701e-02,1.898427754640579224e-01,-4.340932890772819519e-02,2.406948357820510864e-01,-7.151111364364624023e-01,1.128422856330871582e+00,1.590917110443115234e-01,1.906988210976123810e-02,7.833456993103027344e-02,-1.028533428907394409e-01,-1.943415850400924683e-01,5.248934626579284668e-01,1.112972974777221680e+00,-4.483285248279571533e-01,1.681323498487472534e-01,1.633872464299201965e-02
-7.259759120643138885e-03,4.124397877603769302e-03,7.842715382575988770e-01,9.992839097976684570e-01,-4.903371445834636688e-03,-3.636872768402099609e-02,-9.215057827532291412e-03,4.411758854985237122e-02,6.651038303971290588e-03,-1.911689154803752899e-02,2.022064924240112305e-01,-1.625135540962219238e-01,2.252416685223579407e-03,3.862803429365158081e-02,2.125039696693420410e-02,1.075762696564197540e-02,1.944009959697723389e-01,-2.109859883785247803e-01,-2.981216832995414734e-02,-2.353343740105628967e-02,2.580292336642742157e-02,1.913068741559982300e-01,-4.304078221321105957e-02,2.406207770109176636e-01,-7.156031131744384766e-01,1.128458261489868164e+00,1.588192135095596313e-01,1.902513392269611359e-02,7.755365967750549316e-02,-1.029144525527954102e-01,-1.944444626569747925e-01,5.260459184646606445e-01,1.114287972450256348e+00,-4.483113288879394531e-01,1.676747500896453857e-01,1.709372177720069885e-02
-7.775299716740846634e-03,4.208790604025125504e-03,7.843060493469238281e-01,9.992812275886535645e-01,-4.765676334500312805e-03,-3.647414967417716980e-02,-9.156965650618076324e-03,4.350481927394866943e-02,5.895575508475303650e-03,-1.918196491897106171e-02,2.016456276178359985e-01,-1.612815856933593750e-01,2.992956899106502533e-03,3.827372193336486816e-02,2.116544358432292938e-02,1.131068449467420578e-02,1.950569897890090942e-01,-2.108366787433624268e-01,-2.992687001824378967e-02,-2.391519397497177124e-02,2.588837407529354095e-02,1.926736831665039062e-01,-4.260633513331413269e-02,2.406781315803527832e-01,-7.156392931938171387e-01,1.128609061241149902e+00,1.577941030263900757e-01,1.867143437266349792e-02,7.665725797414779663e-02,-1.032328903675079346e-01,-1.945625394582748413e-01,5.277503132820129395e-01,1.115125417709350586e+00,-4.502540826797485352e-01,1.675348281860351562e-01,1.801794767379760742e-02
-8.311633020639419556e-03,4.300823435187339783e-03,7.843306064605712891e-01,9.992805123329162598e-01,-4.518816247582435608e-03,-3.654612973332405090e-02,-9.080718271434307098e-03,4.288248717784881592e-02,4.933901596814393997e-03,-1.927805505692958832e-02,2.006928324699401855e-01,-1.603967994451522827e-01,4.069683607667684555e-03,3.775903582572937012e-02,2.101058140397071838e-02,1.229259092360734940e-02,1.955154240131378174e-01,-2.105791717767715454e-01,-2.983116172254085541e-02,-2.447995357215404510e-02,2.572483010590076447e-02,1.935942769050598145e-01,-4.234568402171134949e-02,2.410578578710556030e-01,-7.152197360992431641e-01,1.129237413406372070e+00,1.561618596315383911e-01,1.832313649356365204e-02,7.562496513128280640e-02,-1.032204702496528625e-01,-1.947111785411834717e-01,5.291342139244079590e-01,1.115709304809570312e+00,-4.522237479686737061e-01,1.673815846443176270e-01,1.869582757353782654e-02
